[gd_scene load_steps=3 format=2]

[ext_resource path="res://meshes/BlockOut.fbx" type="PackedScene" id=1]
[ext_resource path="res://scenes/VincentTest.tres" type="Environment" id=2]

[node name="Spatial" type="Spatial"]

[node name="BlockOut" parent="." instance=ExtResource( 1 )]

[node name="DirectionalLight" type="DirectionalLight" parent="."]
transform = Transform( 0.817067, -0.408751, -0.406601, 0.563704, 0.714374, 0.414617, 0.12099, -0.567973, 0.814106, -2.24143, 1.39107, 2.79541 )
light_energy = 0.07

[node name="WorldEnvironment" type="WorldEnvironment" parent="."]
environment = ExtResource( 2 )

[node name="Camera" type="Camera" parent="."]
transform = Transform( 1, 0, 0, 0, 0.963026, 0.269407, 0, -0.269407, 0.963026, 0, 1.116, 0.917 )
environment = ExtResource( 2 )
fov = 58.2

[node name="SpotLight" type="SpotLight" parent="."]
transform = Transform( 1, 0, 0, 0, 0.192334, 0.98133, 0, -0.98133, 0.192334, -2.38419e-07, 1.81634, 0.254157 )
light_color = Color( 0.992157, 0.901961, 0.803922, 1 )
light_energy = 0.48
shadow_enabled = true
