[gd_scene load_steps=7 format=2]

[ext_resource path="res://meshes/room.fbx" type="PackedScene" id=1]
[ext_resource path="res://scenes/VincentTest.tres" type="Environment" id=2]
[ext_resource path="res://meshes/switchboard.fbx" type="PackedScene" id=3]
[ext_resource path="res://meshes/table.fbx" type="PackedScene" id=4]
[ext_resource path="res://meshes/module.fbx" type="PackedScene" id=5]
[ext_resource path="res://meshes/pigheadTrophy.fbx" type="PackedScene" id=6]

[node name="Spatial" type="Spatial"]

[node name="DirectionalLight" type="DirectionalLight" parent="."]
transform = Transform( 0.817067, -0.40875, -0.406601, 0.563704, 0.714374, 0.414617, 0.12099, -0.567973, 0.814106, -2.24143, 1.39107, 2.79541 )
light_energy = 0.0

[node name="WorldEnvironment" type="WorldEnvironment" parent="."]
environment = ExtResource( 2 )

[node name="Camera" type="Camera" parent="."]
transform = Transform( 1, 0, 0, 0, 0.963026, 0.269407, 0, -0.269407, 0.963026, 0.00105111, 1.11617, 0.916991 )
environment = ExtResource( 2 )
fov = 58.2

[node name="SpotLight" type="SpotLight" parent="."]
transform = Transform( 1, 0, 0, 0, 0.192334, 0.98133, 0, -0.98133, 0.192334, -2.38419e-07, 1.68907, 0.383139 )
light_color = Color( 0.992157, 0.901961, 0.803922, 1 )
light_energy = 1.77
shadow_enabled = true
shadow_color = Color( 0.6, 0.6, 0.6, 1 )
shadow_bias = 0.1
spot_range = 1.6
spot_angle = 58.1

[node name="SpotLight2" type="SpotLight" parent="."]
transform = Transform( 1, 0, 0, 0, 0.998392, 0.0566924, 0, -0.0566924, 0.998392, -2.38419e-07, 1.0061, 0.979495 )
light_color = Color( 1, 0.917647, 0.772549, 1 )
light_energy = 0.06
shadow_color = Color( 0.803922, 0.803922, 0.803922, 1 )
shadow_bias = 0.1
spot_range = 2.0
spot_angle = 92.9

[node name="pigheadTrophy" parent="." instance=ExtResource( 6 )]
transform = Transform( 0.89268, 0, 0.450691, 0, 1, 0, -0.450691, 0, 0.89268, -0.662604, 0.609404, -0.0409964 )

[node name="switchboard" parent="." instance=ExtResource( 3 )]

[node name="room" parent="." instance=ExtResource( 1 )]

[node name="table" parent="room" instance=ExtResource( 4 )]

[node name="module" parent="." instance=ExtResource( 5 )]
transform = Transform( 1, 0, 0, 0, 1, 0, 0, 0, 1, -0.345443, 1.05097, 0.0800852 )
